%YAML:1.0
R: !!opencv-matrix
   rows: 3
   cols: 1
   dt: d
   data: [ -1.274e-02, -1.715e-02,
       -8.49e-03]
T: !!opencv-matrix
   rows: 3
   cols: 1
   dt: d
   data: [ -1.4969237e+02, 8.775e-02,
       3.08814e+00 ]
R1: !!opencv-matrix
   rows: 3
   cols: 1
   dt: d
   data: [ 9.9934726331753188e-01, 7.0095424602827135e-03,
       -3.5438871515006048e-02, -6.8709800520086028e-03,
       9.9996827314614367e-01, 4.0301779420052692e-03,
       3.5465996854515652e-02, -3.7840475177803464e-03,
       9.9936371959937520e-01 ]
R2: !!opencv-matrix
   rows: 3
   cols: 3
   dt: d
   data: [ 9.9765291490772690e-01, 7.4502958741433159e-03,
       -6.8067278978254639e-02, -7.7163850755735779e-03,
       9.9996357729445295e-01, -3.6471202127134426e-03,
       6.8037627659121747e-02, 4.1637934468751617e-03,
       9.9767406704126094e-01 ]
P1: !!opencv-matrix
   rows: 3
   cols: 4
   dt: d
   data: [ 1.3784216356252794e+03, 0., 7.0400117492675781e+02, 0., 0.,
       1.3784216356252794e+03, 4.6710719108581543e+02, 0., 0., 0., 1.,
       0. ]
P2: !!opencv-matrix
   rows: 3
   cols: 4
   dt: d
   data: [ 1.3784216356252794e+03, 0., 7.0400117492675781e+02,
       -1.5975101321078028e+05, 0., 1.3784216356252794e+03,
       4.6710719108581543e+02, 0., 0., 0., 1., 0. ]
Q: !!opencv-matrix
   rows: 4
   cols: 4
   dt: d
   data: [ 1., 0., 0., -7.0400117492675781e+02, 0., 1., 0.,
       -4.6710719108581543e+02, 0., 0., 0., 1.3784216356252794e+03, 0.,
       0., 8.6285627109391073e-03, 0. ]
